$u$ (ft/s),$\alpha$ (rad),$q$ (rad/s),$\theta$ (rad),$\beta$ (rad),$p$ (rad/s),$r$ (rad/s),$\phi$ (rad),$\psi$ (rad),$\delta_h$ (rad),$\delta_f$ (rad),$\delta_a$ (rad),x0
-0.0658,30.34,0,-32.17,0,0,0,0,0,-36.76,-13.36,0,1004.793
-0.000135,-3.59,0.99,0,0,0,0,0,0,-0.38,-0.57,0,0
-0.0047,-59.34,-1.75,0,0,0,0,0,0,-49.3,-3.45,0,0
0,0,1,0,0,0,0,0,0,0,0,0,0
0,0,0,0,-0.238,0,-1,0.0207,0,0,0,-0.0005,0
0,0,0,0,-16.78,-2.14,0.029,0,0,0,0,4.97,0
0,0,0,0,7.11,0.035,-0.264,0,0,0,0,-0.225,0
0,0,0,0,0,1,0,0,0,0,0,0,0
0,0,0,0,0,0,1,0,0,0,0,0,0
